   December 2022      
Su Mo Tu We Th Fr Sa  
             1  2  3  
 4  5  6  7  8  9 10  
11 12 13 14 15 16 17  
18 19 20 21 22 23 24  
25 26 27 28 29 30 31  
                      
    January 2023      
Su Mo Tu We Th Fr Sa  
 1  2  3  4  5  6  7  
 8  9 10 11 12 13 14  
15 16 17 18 19 20 21  
22 23 24 25 26 27 28  
29 30 31              
                      
   February 2023      
Su Mo Tu We Th Fr Sa  
          1  2  3  4  
 5  6  7  8  9 10 11  
12 13 14 15 16 17 18  
19 20 21 22 23 24 25  
26 27 28              
                      
     March 2023       
Su Mo Tu We Th Fr Sa  
          1  2  3  4  
 5  6  7  8  9 10 11  
12 13 14 15 16 17 18  
19 20 21 22 23 24 25  
26 27 28 29 30 31     
                      
     April 2023       
Su Mo Tu We Th Fr Sa  
                   1  
 2  3  4  5  6  7  8  
 9 10 11 12 13 14 15  
16 17 18 19 20 21 22  
23 24 25 26 27 28 29  
30                    

      May 2023        
Su Mo Tu We Th Fr Sa  
    1  2  3  4  5  6  
 7  8  9 10 11 12 13  
14 15 16 17 18 19 20  
21 22 23 24 25 26 27  
28 29 30 31           
                      
     June 2023        
Su Mo Tu We Th Fr Sa  
             1  2  3  
 4  5  6  7  8  9 10  
11 12 13 14 15 16 17  
18 19 20 21 22 23 24  
25 26 27 28 29 30     
                      
     July 2023        
Su Mo Tu We Th Fr Sa  
                   1  
 2  3  4  5  6  7  8  
 9 10 11 12 13 14 15  
16 17 18 19 20 21 22  
23 24 25 26 27 28 29  
30 31                 

    August 2023       
Su Mo Tu We Th Fr Sa  
       1  2  3  4  5  
 6  7  8  9 10 11 12  
13 14 15 16 17 18 19  
20 21 22 23 24 25 26  
27 28 29 30 31        
                      
   September 2023     
Su Mo Tu We Th Fr Sa  
                1  2  
 3  4  5  6  7  8  9  
10 11 12 13 14 15 16  
17 18 19 20 21 22 23  
24 25 26 27 28 29 30  
                      
    October 2023      
Su Mo Tu We Th Fr Sa  
 1  2  3  4  5  6  7  
 8  9 10 11 12 13 14  
15 16 17 18 19 20 21  
22 23 24 25 26 27 28  
29 30 31              
                      
   November 2023      
Su Mo Tu We Th Fr Sa  
          1  2  3  4  
 5  6  7  8  9 10 11  
12 13 14 15 16 17 18  
19 20 21 22 23 24 25  
26 27 28 29 30        
                      
   December 2023      
Su Mo Tu We Th Fr Sa  
                1  2  
 3  4  5  6  7  8  9  
10 11 12 13 14 15 16  
17 18 19 20 21 22 23  
24 25 26 27 28 29 30  
31                    

    January 2024      
Su Mo Tu We Th Fr Sa  
    1  2  3  4  5  6  
 7  8  9 10 11 12 13  
14 15 16 17 18 19 20  
21 22 23 24 25 26 27  
28 29 30 31           
                      
   February 2024      
Su Mo Tu We Th Fr Sa  
             1  2  3  
 4  5  6  7  8  9 10  
11 12 13 14 15 16 17  
18 19 20 21 22 23 24  
25 26 27 28 29        
                      
